image_width: 640
image_height: 480
camera_name: VLS-GM2-AR0234-SL
camera_matrix:
  rows: 3
  cols: 3
  data: [ 1300.0, 0.0,    960.0,
          0.0,   1300.0, 600.0,
          0.0,   0.0,   1.0  ]
camera_model: equidistant
distortion_coefficients:
  rows: 1
  cols: 5
  data: [0.0, 0.0, 0.0, 0.0, 0.0, 0.0]
rectification_matrix:
  rows: 3
  cols: 3
  data: [ 1.0,  0.0,  0.0,
          0.0,  1.0,  0.0,
          0.0,  0.0,  1.0]
projection_matrix:
  rows: 3
  cols: 4
  data: [ 1300.0,   0.0,    960.0,     0.0     ,
          0.0,     1300.0,  600.0,     0.0     ,
          0.0,     0.0,    1.0 ,     0.0     ]
